38 17,6,8
38 17,6,6
38 83,6,8
38 83,5,8
38 2,6,8
38 5,5,4
38 5,8,11
38 c,8,11
38 8b,2,13
38 5,8,11
38 34,6,8
38 2,3,7
38 8b,5,13
38 34,8,11
38 34,8,13
38 5,6,13
38 34,4,13
38 2,3,9
18 1,2,4
18 82,2,5
18 80,4,4
18 85,5,4
18 4,1,4
18 86,3,0
18 86,3,7
18 87,3,0
18 87,3,6
18 87,3,0
68 1,4,3
55 4,4,2
9 4,7,2
9 1,6,2
9 7,7,1
9 8,4,12
9 1c,3,12
9 30,2,11
9 4,2,2
9 1,1,2
9 7,4,2
9 8,2,1
9 8,4,12
9 30,0,3
9 8,1,4
9 1c,2,4
9 7,3,2
9 8,1,6
9 8,2,13
9 7,5,2
9 4,2,3
9 4,2,3
9 4,3,2
9 1c,2,2
9 7,7,0
9 4,7,0
9 1c,7,0
9 1,3,2
9 1,7,0
4a 80,10,9
4a 82,9,4
4a 83,10,3
4a 83,9,3
4a 82,8,4
4a 80,9,9
20 80,2,6
20 20,1,6
20 80,2,5
20 4,3,13
20 7,1,13
20 1,2,13
20 80,2,2
20 81,8,4
20 82,9,7
20 83,9,14
20 84,9,4
20 85,1,1
20 82,8,7
20 80,2,4
20 85,1,3
5d 4,6,5
22 4,1,4
22 7,7,9
5e 20,4,1
5e 81,2,1
5e 1,0,3
5e 4,0,3
5e 7,0,3
5e 1,0,4
5e 1,1,4
5e 4,0,2
5e 4,1,2
5e 7,1,3
5e 20,5,0
5e 1,2,4
5e 7,1,4
5e 7,3,4
5e 4,1,4
5e 4,2,4
5e 20,2,0
5e 20,0,0
5e 1,4,4
5e 1,7,3
5e 20,0,3
5e 7,3,3
5e 4,2,3
5e 7,5,3
b a,1,9
b a,1,8
b a,1,7
b a,2,5
5b 4,3,1
5b 7,5,1
5b 82,3,6
5b 80,4,7
5b 7,2,3
17 84,2,7
17 83,4,6
17 84,3,5
17 85,3,6
17 89,6,4
17 84,4,7
17 30,4,8
17 8,4,5
17 9,4,6
17 87,5,3
17 87,6,3
17 87,6,0
17 88,6,0
17 30,2,6
17 30,3,6
17 9,4,8
17 4,4,5
17 1,3,5
17 7,4,8
17 7,4,6
17 4,4,0
17 1,4,5
17 7,4,2
17 7,4,0
49 80,4,0
49 80,4,2
49 4,4,0
49 1,4,0
49 4,5,3
49 1,4,1
49 4,5,4
49 1,5,3
31 1c,3,6
31 86,3,7
31 1,7,12
31 4,7,12
31 1,7,7
31 4,7,8
31 82,6,0
31 82,6,1
31 82,6,0
31 8,6,1
31 8,6,0
31 4,7,7
31 1,8,7
31 7,5,3
31 83,0,1
31 84,2,0
31 85,7,1
31 1,8,7
31 1c,3,6
31 4,3,5
72 80,6,11
38 80,3,6
38 34,6,8
38 34,6,7
38 13,6,8
1f 17,3,1
1f 34,6,1
1f 81,5,8
1f 82,3,8
1f 83,6,8
1f 84,3,10
1f 85,5,10
50 17,1,6
50 34,0,2
53 5,4,4
53 c,4,5
53 17,2,8
53 34,1,6
53 34,1,6
53 5,4,3
53 5,4,0
23 22,6,5
23 80,6,7
23 81,1,2
23 82,8,6
23 81,4,6
23 83,6,11
23 84,5,11
23 85,1,10
23 34,0,1
23 81,5,6
23 82,7,6
5e c,0,3
25 22,0,4
25 22,5,9
25 2,3,4
25 22,2,1
b 80,0,0
b 80,6,4
b 82,4,6
c 82,7,11
29 23,5,2
29 23,1,4
29 81,1,3
29 82,1,5
29 81,1,2
29 81,7,2
29 82,7,3
26 83,0,8
26 84,0,9
26 81,6,8
26 82,5,8
26 86,4,3
26 85,5,3
26 22,3,0
26 2,3,0
26 22,3,3
26 2,3,2
26 22,6,6
26 2,3,0
28 2,6,0
28 2,6,5
28 23,0,4
28 83,0,6
28 84,0,7
28 83,2,6
28 84,2,7
28 23,2,4
28 16,2,2
28 80,1,2
28 81,2,1
28 82,2,1
28 2,8,4
28 87,9,4
28 2,7,6
28 2,7,4
28 2,6,4
28 85,5,3
28 16,5,2
28 2,6,2
28 87,3,4
28 88,1,5
28 86,0,4
5d 16,4,4
2b 2,3,10
2b 5,7,14
2b 2,7,8
2b 5,7,9
2b 5,7,10
e 18,3,5
e 18,3,6
57 1e,4,6
57 80,4,10
57 81,1,10
57 83,2,9
57 85,1,8
57 82,10,9
57 84,9,9
3f 83,5,9
3f 85,5,6
3f 84,1,4
3f 85,9,10
3f 86,2,10
5e 18,0,3
5e 24,6,2
5e 18,6,3
c 2,0,12
c 2,5,8
c 11,5,13
c 80,6,1
c 81,1,6
c 82,5,1
c 83,1,4
c 84,7,0
c 85,4,0
d 2,3,3
d 18,2,8
d 18,2,7
d 18,0,7
d 18,0,6
d 18,4,6
d 43,4,6
d 2,3,2
d 80,4,6
14 5,3,6
14 85,4,6
14 86,5,6
14 5,3,7
1b 15,4,4
1b 15,4,5
1b 15,2,5
1b 80,6,5
1b 15,4,5
1b 80,5,3
1b 81,3,2
1b 82,2,3
1b 83,2,7
1b 84,1,1
1b 85,2,5
1b 15,5,5
1b 2,6,3
29 3,5,3
29 3,5,4
29 3,3,2
29 32,7,0
2f 32,4,2
2f 80,3,9
2f 32,4,9
2f 32,4,14
2f 81,4,8
2f 82,6,3
2f 83,0,10
2f 82,4,7
2f 83,1,10
2f 84,6,6
2f 85,2,2
2f 86,7,8
2f 85,3,6
2f 32,4,10
2f 3,5,2
4 2,3,6
4 2,3,5
4 81,2,7
2 2,4,10
2 2,4,7
2 30,4,10
2 30,4,8
2 2,5,7
2 30,4,7
2 10,5,2
2 80,3,1
2 81,7,1
2 82,5,0
2 83,2,0
2 84,8,0
39 2,4,11
39 30,4,11
39 30,4,10
39 30,4,7
39 2,4,6
3a 26,4,1
3a 26,4,1
39 28,1,6
38 28,5,2
38 80,6,3
38 81,5,2
38 81,6,2
38 82,5,3
38 2,6,8
38 2,6,6
38 84,5,1
38 3c,5,2
38 85,6,8
38 2,6,7
1f 80,5,3
1f 83,5,0
1f 81,4,0
1f 83,5,10
1f 82,4,10
1f 84,4,7
1f 2,4,0
2d 5,5,4
51 2,5,2
51 15,5,0
51 80,3,2
51 81,4,1
51 82,6,1
51 83,7,2
51 84,5,2
51 84,5,3
51 84,6,3
51 84,6,5
51 84,5,5
51 84,5,6
51 84,6,5
51 84,6,3
51 84,5,3
51 84,5,0
51 83,7,0
51 80,3,0
51 82,6,0
51 81,4,0
19 80,5,11
19 80,5,8
19 82,5,11
19 82,6,8
19 81,1,9
19 83,5,11
19 83,6,10
19 84,5,11
19 19,4,3
1a 81,1,5
8 24,3,6
8 28,4,7
8 82,1,3
8 26,1,10
8 83,1,10
8 84,1,10
8 82,1,4
8 84,1,10
8 85,1,10
6 86,4,10
5e 30,4,1
5e 30,3,1
5e 80,2,3
5e 30,2,2
5e 30,0,2
5e 30,0,3
7 2,4,0
7 2,4,3
7 28,4,9
7 2,4,4
7 89,4,9
7 3c,4,9
7 84,5,11
7 85,2,11
7 86,3,10
8 81,3,1
8 30,1,10
8 87,3,7
8 24,1,10
8 24,1,9
8 24,3,9
8 24,3,8
8 24,3,7
5 2,10,3
5 29,7,2
5 80,6,4
5 12,6,2
5 2,10,1
5 1b,4,9
5 2d,5,9
5 2e,6,9
5 2e,6,5
5 2d,7,9
5 2d,7,5
5 1b,4,5
5 1b,4,4
5 2,9,2
8 80,2,7
8 81,3,1
8 82,0,6
8 83,5,6
8 84,1,2
8 85,5,2
8 86,3,7
8 2,3,9
2d 6,5,0
2d 80,5,8
2d 6,5,8
2d 6,4,8
2d 6,3,10
2d 80,5,0
3c 25,4,3
3c 25,4,3
35 25,2,8
35 3,4,4
35 3,3,5
35 3,3,8
35 3,8,5
37 3,13,4
37 40,6,4
37 80,7,4
37 3,2,4
37 3,3,4
37 80,7,8
37 14,7,8
37 41,7,4
37 81,8,5
37 82,8,3
37 83,10,6
37 84,10,2
64 84,0,5
64 85,0,4
64 86,0,4
64 83,1,6
64 87,1,6
64 81,0,8
64 80,0,8
64 15,7,8
64 21,7,14
64 3,0,2
64 30,0,0
64 89,0,3
64 8a,0,1
64 3,0,3
64 30,0,1
64 15,7,9
64 89,5,4
64 8a,4,3
64 89,14,4
64 8a,14,3
15 15,6,0
15 d,3,4
15 d,1,4
2c 3,4,2
58 3,4,12
5f 5,5,5
5f 10,0,0
5f 3,4,0
5f 5,5,0
24 3,6,1
24 21,4,1
24 5,5,2
52 3,5,2
44 b,1,2
44 80,0,2
44 b,5,3
44 80,1,2
44 81,1,3
44 83,1,5
44 5,1,3
44 21,1,2
42 3,4,1
43 3,6,1
73 8,2,9
73 8,4,9
73 9,2,8
73 8,2,9
73 9,0,3
73 8,3,3
41 3,5,6
41 15,5,4
41 21,4,6
41 d,2,2
41 3,5,3
41 15,3,1
41 21,5,4
41 d,3,2
41 3,0,6
41 d,3,0
41 d,5,0
41 d,0,6
41 15,3,0
41 15,5,0
41 15,0,6
41 21,0,6
44 b,0,6
44 5,1,0
44 5,1,5
44 d,1,0
44 21,1,0
44 d,1,4
5c 82,3,3
5c 8,7,3
13 3,3,3
13 3,3,10
13 2d,3,11
13 2e,6,7
13 80,1,12
13 81,6,12
13 82,6,4
13 83,0,5
12 2d,6,7
12 2e,6,6
11 3,3,8
11 80,1,14
11 81,4,14
11 82,4,1
11 83,1,3
11 84,4,3
11 3e,2,13
11 85,2,13
11 2a,3,0
14 c,5,9
14 c,5,8
14 c,5,6
14 15,8,6
14 80,7,7
14 81,6,5
14 6,5,7
14 21,5,5
14 6,5,8
14 6,4,8
14 6,4,5
2e 8,4,4
2e 80,4,7
2e 81,5,11
1 3,4,6
a 3,2,7
a 9,7,5
a 80,8,8
a 81,9,5
a 82,7,7
a 83,1,5
a 84,1,3
a 80,8,4
33 25,5,6
33 25,4,6
33 25,4,3
33 25,5,3
33 25,5,0
3 3,4,3
3 25,4,8
3 80,4,7
34 3,5,2
34 8,6,8
34 80,3,8
34 81,7,8
34 82,4,8
34 83,5,7
33 3,5,0
30 3,5,13
30 3,5,6
30 80,4,6
30 80,4,6
30 3,10,6
30 80,4,6
30 3,10,6
60 3,3,2
60 3,3,5
27 1f,2,2
27 1f,2,13
46 80,3,6
46 1f,2,4
46 48,3,8
46 f,3,8
46 f,3,7
46 f,3,6
46 1f,3,4
